nodenumber,    x-coordinate,    y-coordinate,        pressure,      x-velocity,      y-velocity
         1,-1.428949076E-06,-9.999760985E-01, 0.000000000E+00, 0.000000000E+00, 0.000000000E+00
         2,-7.846136391E-02,-9.969118237E-01, 0.000000000E+00, 0.000000000E+00, 0.000000000E+00
         3, 7.845826447E-02,-9.969053268E-01, 0.000000000E+00, 0.000000000E+00, 0.000000000E+00
         4,-1.564397216E-01,-9.877094626E-01, 0.000000000E+00, 0.000000000E+00, 0.000000000E+00
         5, 1.564364731E-01,-9.877013564E-01, 0.000000000E+00, 0.000000000E+00, 0.000000000E+00
         6,-2.334481329E-01,-9.723802805E-01, 0.000000000E+00, 0.000000000E+00, 0.000000000E+00
         7, 2.334462255E-01,-9.723786116E-01, 0.000000000E+00, 0.000000000E+00, 0.000000000E+00
         8, 3.090132773E-01,-9.510490298E-01, 0.000000000E+00, 0.000000000E+00, 0.000000000E+00
         9,-3.090131283E-01,-9.510433078E-01, 0.000000000E+00, 0.000000000E+00, 0.000000000E+00
        10, 3.826790154E-01,-9.238699675E-01, 0.000000000E+00, 0.000000000E+00, 0.000000000E+00
        11,-3.826797307E-01,-9.238662720E-01, 0.000000000E+00, 0.000000000E+00, 0.000000000E+00
        12,-4.539965391E-01,-8.910143971E-01, 0.000000000E+00, 0.000000000E+00, 0.000000000E+00
        13, 4.539929628E-01,-8.910117745E-01, 0.000000000E+00, 0.000000000E+00, 0.000000000E+00
        14,-5.225077271E-01,-8.526543379E-01, 0.000000000E+00, 0.000000000E+00, 0.000000000E+00
        15, 5.225048661E-01,-8.526528478E-01, 0.000000000E+00, 0.000000000E+00, 0.000000000E+00
        16, 5.877813101E-01,-8.090145588E-01, 0.000000000E+00, 0.000000000E+00, 0.000000000E+00
        17,-5.877809525E-01,-8.090112209E-01, 0.000000000E+00, 0.000000000E+00, 0.000000000E+00
        18, 6.494387984E-01,-7.603965998E-01, 0.000000000E+00, 0.000000000E+00, 0.000000000E+00
        19,-6.494374871E-01,-7.603920102E-01, 0.000000000E+00, 0.000000000E+00, 0.000000000E+00
        20, 7.071062326E-01,-7.071067691E-01, 0.000000000E+00, 0.000000000E+00, 0.000000000E+00
        21,-7.071085572E-01,-7.071060538E-01, 0.000000000E+00, 0.000000000E+00, 0.000000000E+00
        22,-7.604235411E-01,-6.494621634E-01, 0.000000000E+00, 0.000000000E+00, 0.000000000E+00
        23, 7.604147196E-01,-6.494569182E-01, 0.000000000E+00, 0.000000000E+00, 0.000000000E+00
        24,-8.090205789E-01,-5.877887011E-01, 0.000000000E+00, 0.000000000E+00, 0.000000000E+00
        25, 8.090085387E-01,-5.877808332E-01, 0.000000000E+00, 0.000000000E+00, 0.000000000E+00
        26,-8.526237607E-01,-5.224885941E-01, 0.000000000E+00, 0.000000000E+00, 0.000000000E+00
        27, 8.526152968E-01,-5.224831104E-01, 0.000000000E+00, 0.000000000E+00, 0.000000000E+00
        28,-8.909932375E-01,-4.539821148E-01, 0.000000000E+00, 0.000000000E+00, 0.000000000E+00
        29, 8.909941316E-01,-4.539818168E-01, 0.000000000E+00, 0.000000000E+00, 0.000000000E+00
        30, 9.239009619E-01,-3.826903701E-01, 0.000000000E+00, 0.000000000E+00, 0.000000000E+00
        31,-9.238896966E-01,-3.826858997E-01, 0.000000000E+00, 0.000000000E+00, 0.000000000E+00
        32, 9.510865808E-01,-3.090275526E-01, 0.000000000E+00, 0.000000000E+00, 0.000000000E+00
        33,-9.510726333E-01,-3.090220094E-01, 0.000000000E+00, 0.000000000E+00, 0.000000000E+00
        34, 9.723720551E-01,-2.334482074E-01, 0.000000000E+00, 0.000000000E+00, 0.000000000E+00
        35,-9.723669291E-01,-2.334450632E-01, 0.000000000E+00, 0.000000000E+00, 0.000000000E+00
        36, 9.876707196E-01,-1.564332843E-01, 0.000000000E+00, 0.000000000E+00, 0.000000000E+00
        37,-9.876789451E-01,-1.564327925E-01, 0.000000000E+00, 0.000000000E+00, 0.000000000E+00
        38,-9.969200492E-01,-7.845886052E-02, 0.000000000E+00, 0.000000000E+00, 0.000000000E+00
        39, 9.969052672E-01,-7.845847309E-02, 0.000000000E+00, 0.000000000E+00, 0.000000000E+00
        40,-1.000000000E+00, 1.224646853E-16, 0.000000000E+00, 0.000000000E+00, 0.000000000E+00
        41, 1.000000000E+00, 0.000000000E+00, 0.000000000E+00, 0.000000000E+00, 0.000000000E+00
        42,-9.969173074E-01, 7.845909894E-02, 0.000000000E+00, 0.000000000E+00, 0.000000000E+00
        43, 9.969173074E-01, 7.845909894E-02, 0.000000000E+00, 0.000000000E+00, 0.000000000E+00
        44,-9.876883626E-01, 1.564344615E-01, 0.000000000E+00, 0.000000000E+00, 0.000000000E+00
        45, 9.876883626E-01, 1.564344615E-01, 0.000000000E+00, 0.000000000E+00, 0.000000000E+00
        46,-9.723699093E-01, 2.334453613E-01, 0.000000000E+00, 0.000000000E+00, 0.000000000E+00
        47, 9.723699093E-01, 2.334453613E-01, 0.000000000E+00, 0.000000000E+00, 0.000000000E+00
        48,-9.510565400E-01, 3.090170026E-01, 0.000000000E+00, 0.000000000E+00, 0.000000000E+00
        49, 9.510565400E-01, 3.090170026E-01, 0.000000000E+00, 0.000000000E+00, 0.000000000E+00
        50,-9.238795042E-01, 3.826834261E-01, 0.000000000E+00, 0.000000000E+00, 0.000000000E+00
        51, 9.238795042E-01, 3.826834261E-01, 0.000000000E+00, 0.000000000E+00, 0.000000000E+00
        52,-8.910065293E-01, 4.539904892E-01, 0.000000000E+00, 0.000000000E+00, 0.000000000E+00
        53, 8.910065293E-01, 4.539904892E-01, 0.000000000E+00, 0.000000000E+00, 0.000000000E+00
        54,-8.526401520E-01, 5.224985480E-01, 0.000000000E+00, 0.000000000E+00, 0.000000000E+00
        55, 8.526401520E-01, 5.224985480E-01, 0.000000000E+00, 0.000000000E+00, 0.000000000E+00
        56,-8.090170026E-01, 5.877852440E-01, 0.000000000E+00, 0.000000000E+00, 0.000000000E+00
        57, 8.090170026E-01, 5.877852440E-01, 0.000000000E+00, 0.000000000E+00, 0.000000000E+00
        58,-7.604059577E-01, 6.494480371E-01, 0.000000000E+00, 0.000000000E+00, 0.000000000E+00
        59, 7.604059577E-01, 6.494480371E-01, 0.000000000E+00, 0.000000000E+00, 0.000000000E+00
        60,-7.071067691E-01, 7.071067691E-01, 0.000000000E+00, 0.000000000E+00, 0.000000000E+00
        61, 7.071067691E-01, 7.071067691E-01, 0.000000000E+00, 0.000000000E+00, 0.000000000E+00
        62,-6.494480371E-01, 7.604059577E-01, 0.000000000E+00, 0.000000000E+00, 0.000000000E+00
        63, 6.494480371E-01, 7.604059577E-01, 0.000000000E+00, 0.000000000E+00, 0.000000000E+00
        64,-5.877852440E-01, 8.090170026E-01, 0.000000000E+00, 0.000000000E+00, 0.000000000E+00
        65, 5.877852440E-01, 8.090170026E-01, 0.000000000E+00, 0.000000000E+00, 0.000000000E+00
        66,-5.224985480E-01, 8.526401520E-01, 0.000000000E+00, 0.000000000E+00, 0.000000000E+00
        67, 5.224985480E-01, 8.526401520E-01, 0.000000000E+00, 0.000000000E+00, 0.000000000E+00
        68,-4.539904892E-01, 8.910065293E-01, 0.000000000E+00, 0.000000000E+00, 0.000000000E+00
        69, 4.539904892E-01, 8.910065293E-01, 0.000000000E+00, 0.000000000E+00, 0.000000000E+00
        70,-3.826834261E-01, 9.238795042E-01, 0.000000000E+00, 0.000000000E+00, 0.000000000E+00
        71, 3.826834261E-01, 9.238795042E-01, 0.000000000E+00, 0.000000000E+00, 0.000000000E+00
        72,-3.090170026E-01, 9.510565400E-01, 0.000000000E+00, 0.000000000E+00, 0.000000000E+00
        73, 3.090170026E-01, 9.510565400E-01, 0.000000000E+00, 0.000000000E+00, 0.000000000E+00
        74,-2.334453613E-01, 9.723699093E-01, 0.000000000E+00, 0.000000000E+00, 0.000000000E+00
        75, 2.334453613E-01, 9.723699093E-01, 0.000000000E+00, 0.000000000E+00, 0.000000000E+00
        76,-1.564344615E-01, 9.876883626E-01, 0.000000000E+00, 0.000000000E+00, 0.000000000E+00
        77, 1.564344615E-01, 9.876883626E-01, 0.000000000E+00, 0.000000000E+00, 0.000000000E+00
        78,-7.845909894E-02, 9.969173074E-01, 0.000000000E+00, 0.000000000E+00, 0.000000000E+00
        79, 7.845909894E-02, 9.969173074E-01, 0.000000000E+00, 0.000000000E+00, 0.000000000E+00
        80, 6.123234263E-17, 1.000000000E+00, 0.000000000E+00, 0.000000000E+00, 0.000000000E+00
